		// 1- DATA
		// Node[id] = , posx, posy, fill],
		var node =
			[[56,661,"grey"],
			[73,754,"grey"],
			[193,789,"grey"],
			[226,545,"grey"],
			[239,586,"grey"],
			[268,483,"grey"],
			[340,772,"grey"],
			[357,522,"grey"],
			[358,803,"grey"],
			[414,523,"grey"],
			[417,415,"grey"],
			[421,432,"grey"],
			[425,172,"grey"],
			[504,238,"grey"],
			[527,275,"grey"],
			[547,130,"grey"],
			[555,300,"grey"],
			[557,280,"grey"],
			[561,309,"grey"],
			[574,381,"grey"],
			[596,33,"grey"],
			[622,182,"grey"],
			[626,320,"grey"],
			[628,217,"grey"],
			[635,274,"grey"],
			[640,184,"grey"],
			[647,98,"grey"],
			[660,128,"grey"]];	 
		 
		// Similarities: nxn (5x5 = 25)
		var s = 
		  [[1,12,13,14,15,16,17,18,19,20,12,13,14,15,16,17,18,19,20,12,13,14,15,16,17,18,19,20],
		   [12,1,23,24,25,26,27,28,29,10,12,13,14,15,16,17,18,19,20,12,13,14,15,16,17,18,19,20],
		   [13,23,1,34,35,36,37,38,39,14,12,13,14,15,16,17,18,19,20,12,13,14,15,16,17,18,19,20],
		   [14,24,34,1,45,46,47,15,49,15,12,13,14,15,16,17,18,19,20,12,13,14,15,16,17,18,19,20],
		   [15,25,35,45,1,56,57,20,59,16,12,13,14,15,16,17,18,19,20,12,13,14,15,16,17,18,19,20],
		   [16,26,36,46,56,1,67,68,69,17,12,13,14,15,16,17,18,19,20,12,13,14,15,16,17,18,19,20],
		   [17,27,37,47,57,67,1,20,20,18,12,13,14,15,16,17,18,19,20,12,13,14,15,16,17,18,19,20],
		   [18,28,38,15,20,68,20,1,89,19,12,13,14,15,16,17,18,19,20,12,13,14,15,16,17,18,19,20],
		   [10,10,10,10,59,69,20,18,1,20,12,13,14,15,16,17,18,19,20,12,13,14,15,16,17,18,19,20],
		   [20,10,14,15,16,17,18,19,20,1,12,13,14,15,16,17,18,19,20,12,13,14,15,16,17,18,19,20],
		   [12,10,23,24,25,26,27,28,29,10,1,13,14,15,16,17,18,19,20,12,13,14,15,16,17,18,19,20],
		   [13,23,10,34,35,36,37,38,39,14,12,1,14,15,16,17,18,19,20,12,13,14,15,16,17,18,19,20],
		   [14,24,34,10,45,46,47,15,49,15,12,13,1,15,16,17,18,19,20,12,13,14,15,16,17,18,19,20],
		   [15,25,35,45,10,56,57,20,59,16,12,13,14,1,16,17,18,19,20,12,13,14,15,16,17,18,19,20],
		   [16,26,36,46,56,10,67,68,69,17,12,13,14,15,1,17,18,19,20,12,13,14,15,16,17,18,19,20],
		   [17,27,37,47,57,67,10,20,20,18,12,13,14,15,16,1,18,19,20,12,13,14,15,16,17,18,19,20],
		   [18,28,38,15,20,68,20,10,89,19,12,13,14,15,16,17,1,19,20,12,13,14,15,16,17,18,19,20],
		   [10,10,10,10,59,69,20,18,10,20,12,13,14,15,16,17,1,19,20,12,13,14,15,16,17,18,19,20],
		   [20,10,14,15,16,17,18,19,20,10,12,13,14,15,16,17,18,1,20,12,13,14,15,16,17,18,19,20],
		   [12,10,23,24,25,26,27,28,29,10,12,13,14,15,16,17,18,19,1,12,13,14,15,16,17,18,19,20],
		   [13,23,10,34,35,36,37,38,39,14,12,13,14,15,16,17,18,19,20,1,13,14,15,16,17,18,19,20],
		   [14,24,34,10,45,46,47,15,49,15,12,13,14,15,16,17,18,19,20,12,1,14,15,16,17,18,19,20],
		   [15,25,35,45,10,56,57,20,59,16,12,13,14,15,16,17,18,19,20,12,13,1,15,16,17,18,19,20],
		   [16,26,36,46,56,10,67,68,69,17,12,13,14,15,16,17,18,19,20,12,13,14,1,16,17,18,19,20],
		   [17,27,37,47,57,67,10,20,20,18,12,13,14,15,16,17,18,19,20,12,13,14,15,1,17,18,19,20],
		   [18,28,38,15,20,68,20,10,89,19,12,13,14,15,16,17,18,19,20,12,13,14,15,16,1,18,19,20],
		   [10,10,10,10,59,69,20,18,10,20,12,13,14,15,16,17,18,19,20,12,13,14,15,16,17,1,19,20],
		   [20,10,14,15,16,17,18,19,20,10,12,13,14,15,16,17,18,19,20,12,13,14,15,16,17,18,1,20],
		   [20,10,14,15,16,17,18,19,20,1,12,13,14,15,16,17,18,19,20,12,13,14,15,16,17,18,19,1]];
		
