		// 1- DATA
		// Node[id] = , posx, posy, fill],
		var node =
			[[30, 90, "grey"],
			[100, 120, "grey"],
			[150, 150, "grey"],
			[200, 60, "grey"],
			[250, 180, "pink"],
			[300, 280, "yellow"],
			[50, 180, "orange"],
			[40, 380, "yellow"],
			[450, 40, "blue"],
			[480, 460, "pink"]];	
		 
		// Similarities: nxn (5x5 = 25)
		var s = 
		  [[1,12,13,14,15,16,17,18,19,20],
		   [12,1,23,24,25,26,27,28,29,30,],
		   [13,23,1,34,35,36,37,38,39,40],
		   [14,24,34,1,45,46,47,48,49,50],
		   [15,25,35,45,1,56,57,58,59,60],
		   [16,26,36,46,56,1,67,68,69,70],
		   [17,27,37,47,57,67,1,78,79,80],
		   [18,28,38,48,58,68,78,1,89,90],
		   [10,10,10,10,59,69,79,80,1,100],
		   [20,30,40,50,60,70,80,90,100,1]];
		
